"Date","Total.cases","Total.tested","Currently.hospitalized","ICU","Total.deaths","Total.recovered","Total.tested.people","DateReport","New.casesBySpecimenDate","Total.casesBySpecimenDate","MDHTestsByReportDate","ExternalTestsByReportDate","TotalTestsByReportDate"
2020-03-06,1,32,NA,NA,NA,NA,NA,2020-03-05,1,1,NA,NA,NA
2020-03-07,1,49,NA,NA,NA,NA,NA,2020-03-06,0,1,NA,NA,NA
2020-03-08,2,80,NA,NA,NA,NA,NA,2020-03-07,1,2,NA,NA,NA
2020-03-09,2,82,NA,NA,NA,NA,NA,2020-03-08,0,2,NA,NA,NA
2020-03-10,3,135,NA,NA,NA,NA,NA,2020-03-09,3,5,NA,NA,NA
2020-03-11,5,222,NA,NA,NA,NA,NA,2020-03-10,6,11,NA,NA,NA
2020-03-12,9,316,NA,NA,NA,NA,NA,2020-03-11,10,21,NA,NA,NA
2020-03-13,14,555,NA,NA,NA,NA,NA,2020-03-12,22,43,NA,NA,NA
2020-03-14,21,868,NA,NA,NA,NA,NA,2020-03-13,19,62,NA,NA,NA
2020-03-15,35,1422,NA,NA,NA,NA,NA,2020-03-14,28,90,NA,NA,NA
2020-03-16,54,1893,NA,NA,NA,NA,NA,2020-03-15,38,128,NA,NA,NA
2020-03-17,60,2336,NA,NA,NA,NA,NA,2020-03-16,51,179,NA,NA,NA
2020-03-18,77,2762,NA,NA,NA,NA,NA,2020-03-17,67,246,NA,NA,NA
2020-03-19,89,3038,NA,NA,NA,NA,NA,2020-03-18,23,269,NA,NA,NA
2020-03-20,115,3856,NA,NA,NA,NA,NA,2020-03-19,18,287,NA,NA,NA
2020-03-21,137,4090,NA,NA,NA,NA,NA,2020-03-20,16,303,NA,NA,NA
2020-03-22,169,4680,NA,NA,NA,NA,NA,2020-03-21,24,327,NA,NA,NA
2020-03-23,235,5662,NA,NA,NA,NA,NA,2020-03-22,22,349,NA,NA,NA
2020-03-24,262,5812,15,7,1,NA,NA,2020-03-23,44,393,NA,NA,NA
2020-03-25,287,11475,26,12,1,121,NA,2020-03-24,51,444,NA,NA,NA
2020-03-26,346,12950,31,12,2,132,NA,2020-03-25,58,502,NA,NA,NA
2020-03-27,398,14003,34,14,4,176,NA,2020-03-26,63,565,NA,NA,NA
2020-03-28,441,16129,30,13,5,215,NA,2020-03-27,75,640,NA,NA,NA
2020-03-29,503,17657,39,16,9,243,NA,2020-03-28,47,687,470,1052,18079
2020-03-30,576,18822,56,24,10,250,NA,2020-03-29,38,725,245,964,19288
2020-03-31,629,19780,56,26,12,276,NA,2020-03-30,98,823,156,890,20334
2020-04-01,689,21191,54,27,17,325,NA,2020-03-31,93,916,176,1341,21851
2020-04-02,742,22934,75,38,18,355,NA,2020-04-01,57,973,300,702,22853
2020-04-03,789,24227,86,40,22,388,NA,2020-04-02,85,1058,102,1880,24835
2020-04-04,865,25423,95,42,24,416,NA,2020-04-03,63,1121,56,1291,26182
2020-04-05,935,26777,106,48,29,422,NA,2020-04-04,38,1159,108,1555,27845
2020-04-06,986,28128,115,57,30,440,NA,2020-04-05,60,1219,30,1434,29309
2020-04-07,1069,29260,120,64,34,515,NA,2020-04-06,113,1332,46,1133,30488
2020-04-08,1154,30753,135,64,39,593,NA,2020-04-07,103,1435,90,1460,32038
2020-04-09,1242,32294,145,63,50,625,NA,2020-04-08,102,1537,80,1373,33491
2020-04-10,1336,33894,143,64,57,675,NA,2020-04-09,103,1640,93,1738,35322
2020-04-11,1427,35777,145,69,64,729,NA,2020-04-10,95,1735,107,1651,37080
2020-04-12,1621,37421,157,74,70,772,NA,2020-04-11,74,1809,93,1533,38706
2020-04-13,1650,38427,157,74,70,772,NA,2020-04-12,57,1866,56,1134,39896
2020-04-14,1695,39241,177,75,79,830,NA,2020-04-13,147,2013,39,746,40681
2020-04-15,1809,40242,197,93,87,853,NA,2020-04-14,156,2169,128,1062,41871
2020-04-16,1912,41675,213,103,94,926,NA,2020-04-15,152,2321,137,1559,43567
2020-04-17,2071,43053,223,106,111,955,NA,2020-04-16,184,2505,110,1345,45022
2020-04-18,2213,44368,239,111,121,997,NA,2020-04-17,180,2685,126,1339,46487
2020-04-19,2356,45716,228,116,134,1026,NA,2020-04-18,124,2809,123,1357,47967
2020-04-20,2470,46850,237,126,143,1059,NA,2020-04-19,126,2935,66,1164,49197
2020-04-21,2567,47697,237,117,160,1094,NA,2020-04-20,277,3212,124,716,50037
2020-04-22,2721,49344,240,107,179,1138,NA,2020-04-21,263,3475,214,1535,51786
2020-04-23,2942,51548,268,104,200,1336,NA,2020-04-22,307,3782,230,1899,53915
2020-04-24,3185,53787,278,111,221,1373,NA,2020-04-23,536,4318,216,2274,56405
2020-04-25,3446,56597,288,109,244,1410,NA,2020-04-24,522,4840,296,2793,59494
2020-04-26,3602,58987,285,115,272,1502,NA,2020-04-25,340,5180,172,2446,62112
2020-04-27,3816,61268,292,122,286,1556,NA,2020-04-26,386,5566,71,2492,64675
2020-04-28,4181,63829,314,120,301,1611,NA,2020-04-27,680,6246,149,1870,66694
2020-04-29,4644,66744,320,119,319,1724,NA,2020-04-28,607,6853,268,3081,70043
2020-04-30,5136,70276,365,130,343,1829,NA,2020-04-29,686,7539,253,6820,77116
2020-05-01,5730,74829,369,118,371,1911,NA,2020-04-30,651,8190,429,3913,81458
2020-05-02,6228,79007,389,135,395,2002,NA,2020-05-01,623,8813,277,4196,85931
2020-05-03,6663,82632,373,155,419,2596,NA,2020-05-02,336,9149,302,3534,89767
2020-05-04,7234,85941,396,166,428,3784,NA,2020-05-03,339,9488,70,3092,92929
2020-05-05,7851,88009,434,182,455,4159,NA,2020-05-04,825,10313,231,3834,96994
2020-05-06,8579,93232,443,180,485,4520,NA,2020-05-05,649,10962,266,2899,100159
2020-05-07,9365,97421,435,182,508,4800,NA,2020-05-06,643,11605,323,4143,104625
2020-05-08,10088,101270,473,198,534,5163,NA,2020-05-07,817,12422,336,4671,109632
2020-05-09,10790,106263,476,180,558,5764,NA,2020-05-08,713,13135,254,4622,114508
2020-05-10,11271,111088,434,199,578,6304,NA,2020-05-09,280,13415,232,4676,119416
2020-05-11,11799,115781,452,194,591,6945,NA,2020-05-10,230,13645,68,5222,124706
2020-05-12,12486,120834,496,199,614,7609,NA,2020-05-11,822,14467,278,5023,130007
2020-05-13,12917,122035,494,199,638,8149,NA,2020-05-12,663,15130,355,3657,134019
2020-05-14,13435,128752,498,203,663,8473,NA,2020-05-13,734,15864,301,6986,141306
2020-05-15,14240,134669,498,200,683,8820,NA,2020-05-14,796,16660,1074,5656,148036
2020-05-16,14969,143281,493,225,700,9571,NA,2020-05-15,798,17458,548,8677,157261
2020-05-17,15668,150605,487,221,722,10175,NA,2020-05-16,343,17801,717,7277,165255
2020-05-18,16372,156606,488,229,731,10764,NA,2020-05-17,312,18113,232,5743,171230
2020-05-19,17029,161835,545,229,748,11540,NA,2020-05-18,969,19082,132,6254,177616
2020-05-20,17670,167338,550,212,777,12227,NA,2020-05-19,858,19940,601,5767,183984
2020-05-21,18200,173556,566,229,809,12488,NA,2020-05-20,768,20708,531,6420,190935
2020-05-22,19005,180971,534,233,842,12696,NA,2020-05-21,983,21691,394,7857,199186
2020-05-23,19845,189493,568,215,852,13485,NA,2020-05-22,792,22483,742,8969,208897
2020-05-24,20573,197964,553,207,869,14115,NA,2020-05-23,401,22884,1069,7824,217790
2020-05-25,21315,204059,605,248,881,14816,NA,2020-05-24,358,23242,86,6889,224765
2020-05-26,21960,209898,570,258,899,15523,NA,2020-05-25,411,23653,86,6563,231414
2020-05-27,22464,216532,598,260,932,16314,NA,2020-05-26,801,24454,162,6772,238348
2020-05-28,22947,225208,606,242,967,16655,NA,2020-05-27,682,25136,254,9297,247899
2020-05-29,23531,233873,592,259,996,16930,NA,2020-05-28,575,25711,652,9292,257843
2020-05-30,24190,242508,589,263,1026,17864,NA,2020-05-29,459,26170,667,9699,268209
2020-05-31,24850,249519,555,257,1040,18695,NA,2020-05-30,169,26339,0,8429,276638
2020-06-01,25208,255592,549,253,1050,19441,NA,2020-05-31,143,26482,0,6888,283526
2020-06-02,25508,258747,537,248,1072,20381,NA,2020-06-01,584,27066,0,4180,287706
2020-06-03,25870,265718,537,254,1086,21169,NA,2020-06-02,489,27555,1061,6614,295381
2020-06-04,26273,275622,512,244,1115,21490,NA,2020-06-03,525,28080,650,15248,311279
2020-06-05,26980,322340,478,220,1148,21864,NA,2020-06-04,406,28486,379,10736,322394
2020-06-06,27501,333484,473,206,1170,22253,NA,2020-06-05,412,28898,925,10221,333540
2020-06-07,27886,344203,450,199,1186,22992,NA,2020-06-06,163,29061,1085,9462,344087
2020-06-08,28224,354226,452,198,1197,23657,NA,2020-06-07,137,29198,732,8869,353688
2020-06-09,28523,360991,455,199,1217,24221,NA,2020-06-08,484,29682,44,8129,361861
2020-06-10,28869,369795,427,193,1236,24675,NA,2020-06-09,460,30142,300,8586,370747
2020-06-11,29316,381841,411,196,1249,24870,NA,2020-06-10,404,30546,674,11384,382805
2020-06-12,29795,395202,403,191,1274,25028,NA,2020-06-11,346,30892,763,12884,396452
2020-06-13,30172,407992,390,191,1283,25620,NA,2020-06-12,318,31210,1025,11902,409379
2020-06-14,30471,417710,369,186,1298,26090,NA,2020-06-13,153,31363,825,9165,419369
2020-06-15,30693,422922,353,186,1304,26609,NA,2020-06-14,150,31513,254,4844,424467
2020-06-16,30882,429145,357,185,1313,27006,NA,2020-06-15,416,31929,22,6423,430912
2020-06-17,31296,448587,351,181,1325,27404,NA,2020-06-16,414,32343,356,19174,450442
2020-06-18,31675,460879,345,171,1344,27566,NA,2020-06-17,430,32773,486,12166,463094
2020-06-19,32031,475152,339,168,1361,27709,NA,2020-06-18,392,33165,914,13404,477412
2020-06-20,32467,492043,324,161,1372,28205,NA,2020-06-19,349,33514,1111,15744,494267
2020-06-21,32920,504363,322,160,1380,28663,NA,2020-06-20,223,33737,823,11521,506611
2020-06-22,33227,513137,332,156,1384,29065,NA,2020-06-21,198,33935,395,8383,515389
2020-06-23,33469,520045,339,158,1393,29399,NA,2020-06-22,489,34424,23,7346,522758
2020-06-24,33763,529643,340,160,1397,29707,NA,2020-06-23,592,35016,340,9422,532520
2020-06-25,34123,542696,336,162,1406,29854,NA,2020-06-24,516,35532,727,12168,545415
2020-06-26,34616,557278,335,157,1411,30008,NA,2020-06-25,488,36020,1057,13679,560151
2020-06-27,35033,568907,300,155,1417,30401,NA,2020-06-26,529,36549,457,12546,573154
2020-06-28,35549,585417,288,143,1425,30809,NA,2020-06-27,280,36829,820,14289,588263
2020-06-29,35861,592955,278,140,1435,31225,NA,2020-06-28,244,37073,186,7607,596056
2020-06-30,36303,605316,270,136,1441,31601,NA,2020-06-29,604,37677,0,12413,608469
2020-07-01,36716,617107,260,125,1445,31947,NA,2020-06-30,602,38279,263,11679,620411
2020-07-02,37210,630427,274,123,1458,32163,NA,2020-07-01,639,38918,465,13152,634028
2020-07-03,37624,645172,270,132,1466,32347,NA,2020-07-02,573,39491,871,13855,648754
2020-07-04,NA,NA,NA,NA,NA,NA,NA,2020-07-03,424,39915,408,13731,662893
2020-07-05,38136,674015,253,132,1471,33408,NA,2020-07-04,101,40016,206,14440,677539
2020-07-06,38569,679693,258,125,1474,33907,NA,2020-07-05,280,40296,32,5957,683528
2020-07-07,39133,685247,267,121,1477,34377,NA,2020-07-06,780,41076,0,5891,689419
2020-07-08,39589,692970,265,122,1485,34902,NA,2020-07-07,722,41798,227,7364,697010
2020-07-09,40163,705440,251,116,1490,35193,NA,2020-07-08,806,42604,507,13401,710918
2020-07-10,40767,725825,227,124,1495,35442,NA,2020-07-09,773,43377,1149,18332,730399
2020-07-11,41571,742095,241,121,1499,36012,NA,2020-07-10,779,44156,457,15710,746566
2020-07-12,42281,755052,251,123,1502,36582,NA,2020-07-11,288,44444,503,14280,761349
2020-07-13,42772,768989,247,114,1504,37199,NA,2020-07-12,352,44796,112,11952,773413
2020-07-14,43170,777614,236,107,1510,37749,NA,2020-07-13,769,45565,30,8869,782312
2020-07-15,43742,790497,254,106,1518,38179,NA,2020-07-14,834,46399,223,12160,794695
2020-07-16,44347,805212,249,103,1526,38290,NA,2020-07-15,813,47212,477,14369,809541
2020-07-17,45013,819511,252,110,1533,38568,NA,2020-07-16,818,48030,692,14149,824382
2020-07-18,45470,835962,265,117,1538,39310,NA,2020-07-17,706,48736,695,15906,840983
2020-07-19,46204,853188,258,120,1541,40001,NA,2020-07-18,304,49040,388,16597,857968
2020-07-20,47107,867410,247,115,1545,40742,NA,2020-07-19,314,49354,97,14204,872269
2020-07-21,47457,876859,266,112,1548,41511,NA,2020-07-20,852,50206,0,9643,881912
2020-07-22,47961,888551,273,119,1552,42234,NA,2020-07-21,761,50967,329,12219,894460
2020-07-23,48721,905315,282,107,1561,42524,NA,2020-07-22,763,51730,686,15886,911032
2020-07-24,49488,922876,278,108,1566,42882,NA,2020-07-23,882,52612,1058,16023,928113
2020-07-25,50291,940696,287,115,1571,43625,NA,2020-07-24,823,53435,784,17319,946216
2020-07-26,51153,957374,273,115,1574,44431,NA,2020-07-25,341,53776,434,16090,962740
2020-07-27,51803,970726,257,126,1576,45198,NA,2020-07-26,320,54096,281,13431,976452
2020-07-28,52281,979988,294,138,1580,45987,NA,2020-07-27,853,54949,18,9625,986095
2020-07-29,52947,993091,310,143,1589,46636,NA,2020-07-28,823,55772,344,13224,999663
2020-07-30,53692,1007882,298,141,1594,46965,820817,2020-07-29,821,56593,659,14288,1014610
2020-07-31,54463,1024916,312,151,1600,47289,834354,2020-07-30,801,57394,1057,15722,1031389
2020-08-01,55188,1040317,317,149,1606,48119,846268,2020-07-31,721,58115,504,14790,1046683
2020-08-02,55947,1054962,302,149,1614,48847,858341,2020-08-01,450,58565,272,15164,1062119
2020-08-03,56560,1070925,302,153,1616,49565,872004,2020-08-02,297,58862,443,15601,1078163
2020-08-04,57162,1078695,328,159,1620,50426,878111,2020-08-03,848,59710,13,8260,1086436
2020-08-05,57779,1090303,305,152,1629,51223,887623,2020-08-04,792,60502,276,11671,1098383
2020-08-06,58640,1105094,319,153,1636,51604,899480,2020-08-05,687,61189,764,14251,1113398
2020-08-07,59185,1121299,300,155,1640,51940,910271,2020-08-06,733,61922,691,15338,1129427
2020-08-08,60101,1138595,309,154,1648,52768,921397,2020-08-07,704,62626,41,17898,1147366
2020-08-09,60898,1159139,312,148,1657,53568,934973,2020-08-08,376,63002,755,19577,1167698
2020-08-10,61516,1172118,320,159,1660,54364,944160,2020-08-09,328,63330,330,12468,1180496
2020-08-11,61839,1177935,337,147,1666,55151,946030,2020-08-10,815,64145,22,6465,1186983
2020-08-12,62303,1188288,335,154,1678,55855,952785,2020-08-11,719,64864,75,10949,1198007
2020-08-13,62993,1203559,308,154,1685,56346,963096,2020-08-12,717,65581,506,14484,1212997
2020-08-14,63723,1219816,313,152,1693,56659,973546,2020-08-13,700,66281,483,16349,1229829
2020-08-15,64413,1236918,307,140,1699,57457,984473,2020-08-14,697,66978,321,17048,1247198
2020-08-16,65152,1254208,290,152,1706,58196,994054,2020-08-15,368,67346,114,16870,1264182
2020-08-17,65716,1266561,286,155,1712,58859,1000023,2020-08-16,332,67678,77,12865,1277124
2020-08-18,66061,1273397,304,154,1721,59568,1003306,2020-08-17,918,68596,316,7092,1284532
2020-08-19,66618,1308264,321,152,1738,60242,1020926,2020-08-18,815,69411,425,34079,1319036
2020-08-20,67308,1322220,309,148,1745,60605,1030093,2020-08-19,745,70156,341,13812,1333189
2020-08-21,68133,1340850,296,136,1753,60920,1041537,2020-08-20,821,70977,546,18482,1352217
2020-08-22,68867,1357595,316,148,1761,61698,1051256,2020-08-21,784,71761,382,16605,1369204
2020-08-23,69584,1374536,301,137,1767,62373,1060320,2020-08-22,361,72122,184,16769,1386157
2020-08-24,70298,1386513,310,135,1771,63059,1067810,2020-08-23,312,72434,287,12411,1398855
2020-08-25,70707,1394986,312,137,1779,63725,1072526,2020-08-24,976,73410,36,8869,1407760
2020-08-26,71236,1406007,304,134,1793,64374,1079047,2020-08-25,979,74389,403,10571,1418734
2020-08-27,72390,1427347,305,139,1806,64876,1093490,2020-08-26,970,75359,358,21117,1440209
2020-08-28,73240,1443344,301,137,1810,65204,1101710,2020-08-27,834,76193,458,16151,1456818
2020-08-29,74257,1460381,313,134,1814,66107,1111137,2020-08-28,845,77038,442,16948,1474208
2020-08-30,75189,1478432,315,136,1816,66916,1122071,2020-08-29,369,77407,207,17554,1491969
2020-08-31,75864,1489726,306,131,1817,67656,1128023,2020-08-30,334,77741,462,11316,1503747
2020-09-01,76355,1498919,294,136,1823,68488,1132922,2020-08-31,920,78661,0,9204,1512951
2020-09-02,77085,1525555,297,135,1830,69521,1150854,2020-09-01,800,79461,221,27475,1540647
2020-09-03,78123,1540107,272,138,1837,70175,1158388,2020-09-02,782,80243,294,13632,1554573
2020-09-04,78966,1558831,274,138,1847,70537,1168307,2020-09-03,725,80968,670,18403,1573646
2020-09-05,79880,1577466,279,133,1851,71507,1177800,2020-09-04,643,81611,315,18655,1592616
2020-09-06,80587,1594639,284,143,1857,72463,1188293,2020-09-05,319,81930,364,16486,1609466
2020-09-07,81225,1609618,275,136,1860,73403,1197675,2020-09-06,282,82212,100,15396,1624962
2020-09-08,81608,1616738,257,135,1862,74235,1201870,2020-09-07,192,82404,11,7530,1632503
2020-09-09,81868,1621174,263,137,1869,75055,1204193,2020-09-08,922,83326,15,5441,1637959
2020-09-10,82249,1646961,257,138,1884,75425,1205501,2020-09-09,822,84148,465,7660,1646084
2020-09-11,82716,1665328,253,139,1897,75757,1212560,2020-09-10,670,84818,613,17222,1663919
2020-09-12,83588,1684520,247,140,1906,76650,1222522,2020-09-11,667,85485,335,20230,1684484
2020-09-13,84311,1707514,241,136,1919,77461,1233305,2020-09-12,373,85858,735,20631,1705850
2020-09-14,84949,1724779,233,135,1922,78238,1243355,2020-09-13,390,86248,376,16740,1722966
2020-09-15,85351,1733292,238,131,1927,78953,1247867,2020-09-14,1015,87263,18,9702,1732686
2020-09-16,85813,1743611,244,136,1933,79583,1252392,2020-09-15,992,88255,202,9652,1742540
2020-09-17,86722,1763735,242,132,1942,79878,1263546,2020-09-16,1085,89340,569,18939,1762048
2020-09-18,87807,1791680,250,136,1950,80221,1278837,2020-09-17,1025,90365,652,28739,1791439
2020-09-19,88721,1815774,241,134,1963,80407,1291395,2020-09-18,930,91295,690,22474,1814603
2020-09-20,90017,1838392,248,123,1965,81336,1303475,2020-09-19,389,91684,485,22050,1837138
2020-09-21,90942,1855308,255,128,1969,82174,1312937,2020-09-20,236,91920,625,16346,1854109
2020-09-22,91422,1863694,290,136,1979,82833,1317433,2020-09-21,176,92096,0,9439,1863548
2020-09-23,92100,1873867,303,148,1985,83507,1323951,2020-09-22,2,92098,469,9850,1873867
